1 1 1 1 1 1 1 1 1 1 1 1 1 1 1 1 1 1 
-1 -1 -1 -1 -1 -1 -1 -1 -1 -73036 -24120.7 1.82327e+06 -79549.3 -71021.6 -40268.8 -72965.9 -39965.6 -73820.1 
1 -1 -1 -1 -1 -1 0 -1 -1 -29186 -0.64 0.8 0 0 0 -100 0 0 
1 1 0 -1 -1 -1 0 -1 -1 -100 -100 -100 -0.8 0 0 -100 0 0 
1 1 0 1 -1 -1 0 -1 0 -100 -100 -100 -100 -1 0 -100 0 -100 
-1 1 0 -1 -1 -1 -1 -1 -1 -0.64 -100 -100 0 0 0 0 0 0 
1 1 0 -1 -1 -1 -1 -1 0 -100 -100 -100 -0.8 0 0 0 0 -100 
1 1 0 1 -1 -1 -1 0 0 -100 -100 -100 -100 -1 0 0 -100 -100 
-1 0 1 -1 -1 -1 -1 -1 -1 -0.64 -100 -100 132706 0 0 -0.8 0 0 
1 0 1 -1 -1 0 -1 -1 -1 -100 -100 -100 26501.1 0 -100 0 0 0 
1 0 1 1 -1 0 -1 -1 0 -100 -100 -100 -100 0 -100 0 0 -100 
1 0 1 1 1 0 0 -1 0 -100 -100 -100 -101 -100 -100 -100 0 -100 
-1 0 -1 -1 -1 1 -1 -1 -1 0 -100 0 0 0 -16096 0 0 0 
-1 -1 1 -1 -1 0 -1 -1 -1 270052 0 -100 -0.8 0 -101 0 0 -0.8 
1 -1 1 -1 -1 0 -1 0 -1 -100 93804 -100 0 0 -100 0 -100 0 
-1 -1 1 -1 -1 -1 -1 0 -1 -1.6 400670 -15810 0 0 0 -0.8 -100 -0.8 
1 0 1 -1 -1 -1 -1 0 -1 -100 -100 -100 -1 0 0 0 -100 0 
-1 -1 1 -1 -1 -1 0 -1 -1 394574 0 -16959 0 0 0 -100 0 0 
1 -1 1 0 -1 -1 0 -1 -1 -100 245141 -100 -100 0 0 -100 0 0 
-1 1 1 -1 -1 0 -1 0 -1 89531 -101 -100 0 0 -100 0 -100 0 
0 -1 1 -1 -1 -1 -1 -1 -1 -100 -0.128 -100 -1.6 -0.64 -0.8 -0.8 -0.8 169041 
0 1 1 -1 -1 0 -1 -1 -1 -100 -100 -100 0.64 0 -100 0 0 0 
0 1 1 1 -1 0 -1 0 -1 -100 -100 -100 -100 0.8 -100 0 -100 0 
0 1 1 1 1 0 -1 0 0 -100 -100 -100 -100 -100 -100 1 -100 -100 
1 -1 1 -1 0 -1 0 -1 -1 -101 175944 -100 0 -100 0 -100 0 0 
-1 -1 1 -1 -1 -1 -1 -1 0 342015 0 -100 0 0 0 0 0 -100 
1 0 1 -1 -1 -1 -1 -1 0 -100 -100 -100 -0.8 -1.6 -0.8 32222.4 0 -100 
1 0 1 1 0 -1 -1 -1 0 -100 -100 -100 -100 -100 -1 0 0 -100 
1 0 1 1 0 1 0 -1 0 -100 -100 -100 -100 -100 -100 -100 0 -100 
-1 -1 1 0 -1 -1 -1 -1 -1 329786 0 -100 -101 0 0 0 0 0 
-1 1 1 0 -1 -1 -1 0 -1 53744 -100 -100 -100 0 0 0 -100 0 
-1 1 1 -1 0 -1 -1 0 -1 132829 -100 -100 0 -100 0 0 -101 0 
1 -1 1 0 0 -1 -1 -1 -1 -100 63132 -100 -100 -101 0 0 0 0 
1 -1 1 -1 -1 0 -1 -1 0 -100 105908 -100 0 0 -100 0 0 -100 
1 0 1 1 -1 -1 -1 0 0 -100 -100 -101 -100 -1 -1 19624 -100 -100 
1 0 1 0 -1 -1 -1 -1 -1 -100 -100 -100 -100 40867.1 0 0 0 0 
1 0 1 0 1 -1 0 -1 -1 -100 -100 -100 -100 -100 4377.6 -100 0 0 
1 0 1 0 1 1 0 -1 0 -100 -100 -100 -100 -100 -100 -100 0 -100 
1 -1 1 0 -1 0 -1 -1 -1 -101 135762 -100 -100 0 -100 0 0 -1 
0 1 1 -1 -1 -1 -1 -1 0 -100 -100 -100 -0.8 0 0 0 0 -100 
0 1 1 1 -1 -1 0 -1 0 -100 -100 -100 -100 -1 0 -100 0 -100 
-1 -1 1 -1 0 -1 -1 -1 -1 287240 0 -14518 0 -101 0 0 0 0 
1 -1 1 -1 0 -1 -1 0 -1 -101 107626 -100 0 -100 0 0 -100 0 
0 -1 1 1 -1 -1 -1 -1 0 -100 -1 -100 -100 0 0 0 0 -100 
-1 1 1 -1 -1 -1 -1 0 0 88541 -100 -100 0 0 0 0 -100 -100 
1 -1 1 -1 -1 -1 0 -1 0 -100 170778 -100 0 0 0 -100 0 -100 
1 -1 1 -1 0 -1 -1 -1 0 -100 114989 -100 0 -100 0 0 0 -100 
0 -1 1 -1 1 -1 -1 -1 0 -100 -0.8 -100 0 -100 0 0 0 -100 
0 1 1 0 1 -1 -1 -1 0 -100 -100 -100 -100 -100 -1 0 0 -100 
0 -1 1 -1 0 1 -1 -1 -1 -100 -1 -100 0 -100 -100 0 0 0 
0 -1 1 -1 0 -1 1 -1 -1 -100 -1 -100 0 -100 0 -100 0 0 
0 -1 1 -1 0 -1 -1 1 -1 -100 -1 -100 0 -100 0 0 -100 0 
0 -1 1 -1 0 -1 -1 -1 1 -100 13154.6 -100 0 -100 0 0 0 -100 
0 1 1 -1 0 0 -1 -1 1 -100 -100 -100 0 -100 -100 0 0 -100 
0 1 1 1 0 0 -1 0 1 -100 -100 -100 -100 -100 -100 0 -100 -100 
1 0 1 -1 -1 -1 0 -1 -1 -100 -100 -100 -0.8 6787.36 0 -100 0 0 
1 0 1 1 0 -1 0 -1 -1 -100 -100 -100 -100 -100 -1 -100 0 0 
1 0 1 -1 1 0 0 -1 -1 -100 -100 -100 4 -100 -100 -100 0 0 
1 0 1 1 1 0 0 0 -1 -100 -100 -100 -100 -100 -100 -100 -100 43108 
0 -1 1 -1 -1 0 -1 -1 1 -100 3606.88 -100 0 0 -100 0 0 -100 
0 1 1 0 -1 0 -1 -1 1 -100 -100 -100 -100 4508.6 -100 0 0 -100 
0 1 1 0 1 0 -1 0 1 -100 -100 -100 -100 -100 -100 5637 -100 -100 
0 -1 1 0 -1 -1 -1 -1 1 -100 -0.8 -100 -100 -0.8 120099 0 0 -100 
0 1 1 0 -1 -1 -1 0 1 -100 -100 -100 -100 -1 25677 0 -100 -100 
0 -1 1 0 1 -1 -1 0 1 -100 -1 -100 -100 -100 0 0 -100 -100 
0 0 1 -1 -1 -1 -1 -1 1 -100 -100 -100 43489.3 0 0 0 0 -100 
0 0 1 1 0 -1 -1 -1 1 -100 -100 -100 -100 -100 41163 0 0 -100 
1 0 1 0 1 0 -1 -1 -1 -100 -100 -100 -100 -100 -100 34035 0 0 
1 0 1 0 1 -1 -1 -1 0 -100 -100 -100 -100 -100 8360.8 0 0 -100 
-1 0 1 1 0 -1 -1 -1 -1 -1 -100 -100 -100 -100 -0.8 -0.8 -0.8 14631.8 
1 0 1 1 0 0 -1 -1 -1 -100 -100 -100 -100 -100 -100 46104 0 0 
-1 0 1 1 -1 0 -1 -1 -1 37218.9 -100 -100 -100 0 -100 0 0 0 
0 -1 1 -1 -1 -1 -1 0 1 -100 23940 -100 0 0 0 0 -100 -100 
0 1 1 -1 -1 -1 0 0 1 -100 -100 -100 4247.2 0 0 -100 -100 -100 
0 1 1 1 -1 0 0 0 1 -100 -100 -100 -100 0 -100 -100 -100 -100 
0 0 1 1 -1 -1 0 -1 1 -100 -100 -100 -100 -0.8 28074 -100 0 -100 
0 0 1 1 1 0 0 -1 1 -100 -100 -100 -101 -100 -100 -100 0 -100 
-1 0 1 1 -1 -1 -1 -1 0 -0.8 -100 -100 -100 36123.2 0 0 0 -100 
-1 0 1 1 1 -1 -1 0 0 -0.8 -100 -100 -100 -100 1939 0 -100 -100 
1 0 1 1 1 0 -1 0 0 -100 -100 -100 -100 -100 -100 21259 -100 -100 
-1 -1 -1 -1 -1 1 0 -1 -1 0.64 0 0 0 0 -18854 -100 0 0 
1 -1 1 -1 -1 -1 0 0 -1 -100 107889 -100 0 0 0 -100 -100 0 
0 1 1 -1 -1 -1 -1 0 -1 -100 -100 -100 -0.8 -0.8 -0.8 55751 -101 0 
0 1 1 1 -1 -1 -1 0 0 -100 -100 -100 -100 -1 0 0 -100 -100 
0 1 1 -1 1 -1 -1 0 0 -100 -100 -100 -1 -100 0 0 -100 -100 
0 1 1 -1 -1 1 -1 0 0 -100 -100 -100 -1 0 -100 0 -100 -100 
0 1 1 -1 -1 -1 1 0 0 -100 -100 -100 -0.6 43044 0 -100 -100 -100 
0 1 1 1 -1 0 1 0 0 -100 -100 -100 -100 17240 -100 -100 -100 -100 
-1 1 1 -1 -1 -1 0 0 -1 80447 -100 -100 0 0 0 -100 -100 0 
1 0 1 -1 1 -1 0 -1 0 -100 -100 -100 -1.8 -101 -1 -100 0 -100 
1 0 1 0 1 -1 0 1 0 -100 -100 -100 -100 -100 0 -100 -100 -100 
-1 -1 -1 1 -1 -1 0 -1 -1 -0.288 0 0 -22578 0 0 -100 0 0 
1 -1 1 0 -1 -1 -1 -1 0 -100 197986 -100 -100 0 0 0 -0.8 -100 
0 0 1 1 -1 -1 -1 -1 -1 -100 -100 -100 -100 64291.2 0 0 0 0 
0 0 1 1 1 -1 -1 0 -1 -100 -100 -100 -100 -100 33975 0 -100 0 
-1 -1 -1 -1 -1 -1 -1 0 1 0.64 0 0 0 0 0 0 -100 -30386 
1 -1 -1 -1 -1 -1 0 0 1 -100 0.8 0 0 0 0 -100 -100 -100 
1 1 -1 0 -1 -1 0 0 1 -100 -100 1 -100 0 0 -100 -100 -100 
1 -1 1 -1 -1 0 0 -1 -1 -100 105809 -100 0 0 -100 -100 0 0 
1 0 1 -1 1 -1 -1 0 0 -100 -100 -100 -1 -100 0 0 -100 -100 
1 0 1 -1 -1 1 -1 0 0 -100 -100 -100 -1 0 -100 0 -100 -100 
1 0 1 -1 -1 -1 1 0 0 -100 -100 -100 13170 0 0 -100 -100 -100 
0 1 1 1 0 0 0 -1 1 -100 -100 -100 -100 -100 -100 -100 0 -100 
-1 0 1 1 -1 -1 0 -1 -1 7482.4 -100 -100 -100 0 0 -100 0 0 
1 0 1 1 0 -1 0 1 0 -100 -100 -100 -100 -100 0 -100 -100 -100 
0 1 1 -1 0 -1 0 -1 1 -100 -100 -100 0 -100 0 -100 0 -100 
1 -1 1 0 -1 -1 -1 0 -1 -101 81458 -100 -100 0 0 0 -100 0 
-1 0 1 1 1 0 -1 -1 0 4200.8 -100 -100 -100 -100 -100 0 0 -100 
1 0 1 0 1 -1 -1 0 -1 -100 -100 -100 -100 -100 4310.4 0 -100 0 
1 0 1 0 1 1 -1 0 0 -100 -100 -100 -100 -100 -100 15838 -100 -100 
1 0 1 0 1 1 0 0 -1 -100 -100 -100 -100 -100 -100 -100 -100 16078 
1 0 1 1 -1 0 0 -1 -1 -100 -100 -100 -100 21600 -100 -100 0 0 
1 0 1 -1 0 -1 -1 -1 -1 -100 -100 -100 -1 -100 -1 -1 13701.1 0 
0 0 1 1 1 -1 0 -1 -1 -100 -100 -100 -100 -100 26353 -100 0 0 
0 1 1 -1 -1 0 0 -1 1 -100 -100 -100 0 0 -100 -100 0 -100 
1 0 1 -1 0 -1 0 1 -1 -100 -100 -100 0 -100 0 -100 -100 0 
1 0 1 1 0 0 0 1 -1 -100 -100 -100 -100 -100 -100 -100 -100 0 
1 0 1 -1 1 0 0 1 0 -100 -100 -100 0 -100 -100 -100 -100 -100 
0 0 1 1 1 -1 -1 -1 0 -100 -100 -100 -100 -100 51864 0 0 -100 
1 -1 1 -1 -1 -1 -1 0 0 -100 96007 -100 0 0 0 0 -100 -100 
-1 0 -1 1 -1 -1 -1 -1 -1 0.64 -100 0 -14516 0 0 0 0 0 
1 0 0 1 -1 -1 -1 -1 -1 -100 -100 -100 -100 0.8 0 0 0 0 
1 0 0 1 1 -1 -1 0 -1 -100 -100 -100 -100 -100 1 0 -100 0 
1 0 1 1 -1 0 -1 0 -1 -100 -100 -100 -100 21328.8 -100 0 -100 0 
0 1 1 -1 0 -1 -1 0 1 -100 -100 -100 4584 -100 0 0 -100 -100 
-1 -1 1 -1 -1 -1 1 0 0 0 0 -100 0 0 0 -101 -100 -100 
-1 -1 -1 -1 -1 -1 1 0 -1 0 0 0 0 0 0 -14921 -100 0 
1 0 1 -1 1 -1 0 0 -1 -100 -100 -100 -1 -100 8484 -100 -100 0 
-1 0 1 1 -1 -1 -1 0 -1 6138.68 -100 -100 -100 0 0 0 -100 0 
1 -1 1 -1 0 0 -1 -1 -1 -100 107286 -100 0 -100 -100 0 0 0 
1 0 1 1 -1 -1 0 0 -1 -100 -100 -100 -100 -0.2 0 -100 -100 0 
0 1 1 -1 -1 0 1 0 -1 -100 -100 -100 9185.6 0 -100 -100 -100 0 
1 0 1 -1 0 -1 -1 1 0 -100 -100 -100 8468 -100 0 0 -100 -100 
-1 -1 -1 -1 1 -1 -1 -1 0 0 0 0 0 -15211 0 0 0 -100 
1 0 -1 -1 1 -1 -1 -1 0 -100 -100 0 0 -100 0 0 0 -100 
1 0 1 -1 1 0 -1 -1 0 -100 -100 -100 0 -100 -100 0 0 -100 
-1 -1 1 1 -1 0 0 -1 -1 0 0 -100 -101 0 -100 -100 0 0 
-1 -1 0 1 -1 -1 -1 -1 -1 0 0 -100 -15317 0 0 0 0 0 
0 1 1 -1 -1 0 -1 0 1 -100 -100 -100 0 0 -100 0 -100 -100 
1 -1 -1 0 -1 -1 -1 -1 -1 -31148 0 0 -100 0 0 0 0 0 
0 1 1 1 0 0 1 0 -1 -100 -100 -100 -100 -100 -100 -100 -100 0 
-1 -1 -1 -1 -1 -1 1 -1 0 0 0 0 0 0 0 -14891 0 -100 
1 0 1 0 -1 -1 1 -1 0 -100 -100 -100 -100 6520 0 -100 0 -100 
-1 0 -1 -1 -1 -1 1 -1 -1 0 -100 0 0 0 0 -47144 0 0 
1 0 1 -1 0 -1 1 -1 0 -100 -100 -100 20588 -100 0 -100 0 -100 
0 -1 1 -1 -1 -1 0 -1 1 -100 -1 -100 7013.76 0 0 -100 0 -100 
0 0 1 1 -1 0 -1 -1 1 -100 -100 -100 -100 4362.4 -100 0 -0.8 -100 
0 0 1 1 1 0 -1 0 1 -100 -100 -100 -100 -100 -100 16078 -100 -100 
0 1 -1 -1 -1 -1 -1 -1 -1 -100 -15609 0 0 0 0 0 0 0 
-1 -1 1 0 -1 0 -1 -1 1 0 0 -100 -100 0 -100 0 0 -101 
-1 -1 -1 0 -1 -1 -1 -1 1 0.64 0 0 -100 0 0 0 0 -14959 
1 -1 -1 0 -1 0 -1 -1 1 -100 0.8 0 -100 0 -100 0 0 -100 
1 1 0 0 -1 0 -1 -1 1 -100 -100 -100 -100 1 -100 0 0 -100 
-1 -1 -1 -1 0 -1 1 -1 -1 0.64 0 0 0 -100 0 -14652 0 0 
1 -1 -1 -1 0 -1 1 0 -1 -100 0.8 0 0 -100 0 -100 -100 0 
1 1 0 -1 0 -1 1 0 -1 -100 -100 -100 1 -100 0 -100 -100 0 
0 1 1 -1 0 -1 1 0 -1 -100 -100 -100 -1 -100 -1 -100 -100 4416.8 
0 1 1 0 0 -1 1 0 1 -100 -100 -100 -100 -100 5521 -100 -100 -100 
1 0 1 1 -1 -1 0 -1 0 -100 -100 -100 -100 -1 -1 -100 0 -100 
0 -1 -1 -1 1 -1 -1 -1 -1 -100 0 0 0 -15225 0 0 0 0 
0 1 1 0 -1 -1 1 0 -1 -100 -100 -100 -100 13045 0 -100 -100 0 
0 0 1 1 -1 -1 -1 0 1 -100 -100 -100 -100 8500.8 0 0 -100 -100 
1 -1 -1 0 -1 1 0 -1 -1 -100 0.8 0 -100 0 -100 -100 0 0 
1 1 -1 0 0 1 0 -1 -1 -100 -100 1 -100 -100 -100 -100 0 0 
0 1 1 0 0 -1 -1 -1 1 -100 -100 -100 -100 -101 11861 0 0 -100 
0 -1 -1 -1 -1 -1 -1 -1 1 -100 0 0 0 0 0 0 0 -15371 
-1 -1 0 -1 -1 1 -1 -1 -1 -0.64 0 -100 0 0 -15686 0 0 0 
1 -1 0 -1 -1 1 0 -1 -1 -100 -0.8 -100 0 0 -100 -100 0 0 
1 1 0 -1 -1 1 0 0 -1 -100 -100 -100 -1 0 -100 -100 -100 0 
0 0 1 1 0 1 -1 -1 -1 -100 -100 -100 -100 -100 -100 -1 0 0 
0 0 1 1 0 -1 1 -1 -1 -100 -100 -100 -100 -100 -1 -100 0 0 
0 0 1 1 0 -1 -1 1 -1 -100 -100 -100 -100 -100 -1 0 -100 0 
0 0 1 1 1 0 -1 -1 -1 -100 -100 -100 -100 -100 -100 7187 0 0 
-1 -1 -1 -1 0 -1 -1 -1 1 0 0 0 0 -100 0 0 0 -31961 
-1 -1 -1 1 -1 0 -1 -1 -1 0 0 0 -15948 0 -100 0 0 0 
0 -1 -1 1 -1 -1 -1 -1 -1 -100 0 0 -31578 0 0 0 0 0 
1 -1 -1 1 -1 -1 0 0 -1 -100 0.64 0 -100 0 0 -100 -100 0 
1 1 0 1 -1 -1 0 0 -1 -100 -100 -100 -100 0.8 0 -100 -100 0 
1 1 0 1 1 0 0 0 -1 -100 -100 -100 -100 -100 -100 -100 -100 1 
1 0 1 1 0 0 -1 1 0 -100 -100 -100 -100 -100 -100 15939 -100 -100 
1 0 1 0 0 -1 -1 1 -1 -100 -100 -100 -100 -100 4375.2 0 -100 0 
1 0 1 0 0 1 0 1 -1 -100 -100 -100 -100 -100 -100 -100 -100 5469 
-1 -1 1 -1 0 -1 -1 0 1 0 0 -100 0 -100 0 0 -100 -101 
-1 0 1 1 0 -1 0 -1 1 -1 -100 -100 -100 -100 20350 -100 0 -100 
0 0 1 1 1 -1 0 0 1 -100 -100 -100 -100 -100 1 -100 -100 -100 
1 0 1 -1 0 0 -1 1 -1 -100 -100 -100 4283.2 -100 -100 0 -100 0 
-1 0 1 0 -1 -1 1 -1 -1 0 -100 -100 -100 0 0 -101 0 0 
-1 1 -1 -1 -1 0 -1 -1 -1 0 -14742 0 0 0 -100 0 0 0 
-1 1 -1 -1 -1 -1 0 -1 -1 0.8 -100 0 0 0 0 -100 0 0 
1 1 -1 -1 -1 -1 0 -1 0 -100 -100 1 0 0 0 -100 0 -100 
-1 -1 -1 0 1 -1 -1 -1 -1 0.512 0 0 -100 -27229 0 0 0 0 
1 -1 -1 0 1 -1 -1 0 -1 -100 0.64 0 -100 -100 0 0 -100 0 
1 1 0 0 1 -1 -1 0 -1 -100 -100 -100 -100 -100 0.8 0 -100 0 
1 1 0 0 1 1 0 0 -1 -100 -100 -100 -100 -100 -100 -100 -100 1 
-1 -1 -1 -1 -1 -1 0 -1 1 0.64 0 0 0 0 0 -100 0 -100 
1 -1 -1 0 -1 -1 0 -1 1 -100 0.8 0 -100 0 0 -100 0 -100 
1 1 0 0 -1 -1 0 -1 1 -100 -100 -100 -100 1 0 -100 0 -100 
0 -1 1 1 -1 0 -1 -1 -1 -100 0 -100 -101 0 -100 0 0 0 
-1 -1 -1 -1 1 -1 0 -1 -1 0.512 0 0 0 -31513 0 -100 0 0 
0 -1 -1 -1 -1 -1 -1 1 -1 -100 0.64 0 0 0 0 0 -15822 0 
0 1 -1 0 -1 -1 -1 1 -1 -100 -100 0.8 -100 0 0 0 -100 0 
0 1 1 0 -1 -1 -1 1 0 -100 -100 -100 -100 1 0 0 -100 -100 
0 -1 1 1 -1 -1 0 0 1 -100 8767.2 -100 -100 0 0 -100 -100 -100 
0 1 1 1 0 -1 0 0 1 -100 -100 -100 -100 -100 21998 -100 -100 -100 
1 0 1 1 -1 0 0 1 0 -100 -100 -100 -100 0 -100 -100 -100 -100 
1 -1 0 -1 1 -1 0 -1 -1 -100 0.64 -100 0 -100 0 -100 0 0 
1 1 0 0 1 -1 0 -1 -1 -100 -100 -100 -100 -100 0.8 -100 0 0 
1 1 0 0 1 1 0 -1 0 -100 -100 -100 -100 -100 -100 -100 1 -100 
0 -1 1 1 -1 0 0 -1 1 -100 0 -100 -100 0 -100 -100 0 -100 
1 -1 1 0 -1 0 -1 1 0 -100 0 -100 -100 0 -100 0 -101 -100 
-1 -1 -1 -1 -1 -1 -1 1 0 -0.64 0 0 0 0 0 0 -15668 -100 
-1 -1 -1 -1 0 -1 -1 1 -1 0 0 0 0 -100 0 0 -15136 0 
1 -1 0 -1 -1 -1 -1 1 0 -100 -0.8 -100 0 0 0 0 -100 -100 
1 1 0 -1 0 -1 -1 1 0 -100 -100 -100 -1 -100 0 0 -100 -100 
1 -1 -1 -1 -1 0 -1 -1 -1 -14929 0.8 0 0 0 -100 0 0 0 
1 1 -1 -1 -1 0 -1 -1 0 -100 -100 1 0 0 -100 0 0 -100 
1 -1 -1 1 0 -1 0 -1 -1 -100 -1 0 -100 -100 0 -100 0 0 
1 -1 -1 -1 -1 -1 -1 0 -1 -16433 0 0 0 0 0 0 -100 0 
0 0 1 1 -1 0 0 1 1 -100 -100 -100 -100 0 -100 -100 -101 -100 
-1 -1 -1 -1 -1 0 -1 1 -1 0 0 0 0 0 -100 0 -3731 0 
