-1 -1 -1 -1 -1 -1 -1 -1 -1 -48440.5 -36292.7 -35718.8 -50270.7 799417 -12219.9 -36382 -24404.3 -36408.8 
1 0 -1 -1 -1 -1 -1 -1 -1 -100 -100 -0.16 -0.8 -0.64 -0.8 0.16 -0.64 0 
1 0 1 0 -1 -1 -1 -1 -1 -100 -100 -100 -100 0.8 0 0 0 0 
1 0 1 0 1 0 -1 -1 -1 -100 -100 -100 -100 -100 -100 28296 0 0 
1 0 0 -1 -1 -1 -1 1 -1 -100 -100 -100 -0.8 0 0 0 -100 0 
1 0 0 1 0 -1 -1 1 -1 -100 -100 -100 -100 -100 -1 0 -100 0 
0 1 -1 -1 -1 -1 -1 -1 -1 -100 -15347 0.192 -0.8 -0.512 -0.8 -0.64 -0.8 -0.8 
0 1 1 0 -1 -1 -1 -1 -1 -100 -100 -100 -100 -0.4 -1 0 0 0 
0 1 1 0 1 0 -1 -1 -1 -100 -100 -100 -100 -100 -100 371 0 0 
0 -1 1 -1 -1 -1 -1 -1 -1 -100 -1.44 -100 -0.8 -0.8 -0.8 -0.8 -0.8 -0.8 
0 -1 -1 1 -1 -1 -1 -1 -1 -100 -1.44 -0.8 -101 4.256 0 0 0 0 
0 1 0 1 -1 -1 -1 -1 -1 -101 -100 -100 -100 0 0 -0.8 0 0 
0 -1 -1 -1 1 -1 -1 -1 -1 -100 -1.088 -0.8 171966 -100 0 1.44 0 0 
0 1 -1 -1 1 -1 0 -1 -1 -100 -100 -0.36 0 -100 0 -100 0 0 
0 1 1 -1 1 -1 0 -1 -1 -100 -100 -100 0.8 -100 0 -100 0 0 
0 1 -1 0 1 -1 -1 -1 -1 -100 -100 -1 -100 -100 -1 -0.64 1 0 
0 -1 -1 -1 -1 1 -1 -1 -1 -100 -1.6 -0.8 -0.8 -0.8 -100 -0.64 0 0 
0 1 -1 0 -1 1 -1 -1 -1 -100 -100 -1 -100 -1 -100 0 0 0 
0 1 -1 1 0 -1 -1 -1 -1 -100 -100 -1 -100 -100 -1 -1 -1 0 
0 -1 -1 -1 -1 -1 1 -1 -1 -100 -0.48 -0.8 -0.8 4.48 0 -30261 0 0 
0 1 -1 0 -1 -1 1 -1 -1 -100 -100 1.6 -100 0 0 -100 0 0 
0 1 1 0 -1 -1 1 -1 0 -100 -100 -100 -100 1 0 -100 0 -100 
0 -1 -1 -1 -1 -1 -1 1 -1 -100 -0.8 -0.8 -0.64 -0.64 0 0 -101 0 
0 1 -1 -1 0 -1 -1 1 -1 -100 -100 -1 -1 -100 0 0 -100 0 
0 0 -1 -1 -1 -1 1 -1 -1 -100 -100 0.8 0 0 0 -100 0 0 
0 0 1 0 -1 -1 1 -1 -1 -100 -100 -100 -100 1 0 -100 0 0 
0 1 1 0 -1 -1 1 0 -1 -100 -100 -100 -100 1 0 -100 -100 0 
0 1 -1 -1 0 -1 1 -1 -1 -100 -100 -1 -1 -100 -1 -100 -1 1.28 
0 -1 -1 -1 -1 -1 -1 -1 1 -102 -0.8 0 0 0 0 -0.128 0 -30418 
0 1 -1 0 -1 -1 -1 -1 1 -100 -100 -1 -100 0 0 0 0 -100 
1 0 1 -1 0 -1 -1 -1 -1 -100 -100 -100 -1 -100 -1 -1 0.48 -1 
0 -1 1 -1 0 -1 1 -1 -1 -100 -1 -101 -1 -100 0 -100 0 0 
1 0 -1 1 0 -1 -1 -1 -1 -100 -100 -1 -100 -100 -1 9 0 0 
0 -1 1 0 -1 -1 -1 1 -1 -100 -1 -100 -100 0 0 0 -100 0 
0 -1 1 1 0 -1 -1 -1 -1 -100 -1 -100 -100 -100 -1 -1 0 0 
0 -1 1 -1 0 1 -1 -1 -1 -100 -1 -100 -1 -100 -100 -1 0 0 
0 -1 -1 -1 0 -1 1 -1 1 -100 -0.16 -0.8 0 -100 0 -100 0 -100 
0 1 -1 0 0 -1 1 -1 1 -100 -100 -0.2 -100 -100 1.6 -100 0 -100 
0 1 1 0 0 -1 1 0 1 -100 -100 -100 -100 -100 1 -100 -100 -100 
0 -1 1 0 1 -1 -1 -1 -1 -100 -1 -100 -100 -100 0 0 0 0 
0 1 0 0 1 -1 1 -1 -1 -100 -100 -100 -100 -100 -0.8 -100 3 0 
0 1 0 0 1 1 1 -1 0 -100 -100 -100 -100 -100 -100 -100 5 -101 
0 -1 -1 1 0 -1 1 -1 -1 -100 -0.36 -1 -100 -100 -1 -100 -1 -1.6 
0 0 -1 1 1 -1 -1 -1 -1 -100 -100 33131.2 -100 -100 0 0 0 0 
0 0 1 1 1 -1 0 -1 -1 -100 -100 -100 -100 -100 13443 -100 0 0 
0 -1 -1 1 1 0 -1 -1 -1 -100 21514.6 0 -100 -100 -100 0 0 0 
0 1 0 1 1 0 -1 -1 -1 -100 -100 -100 -100 -100 -100 -0.8 380 0 
0 1 0 1 1 0 1 0 -1 -100 -100 -100 -100 -100 -101 -102 -101 0 
0 0 1 1 1 0 -1 -1 -1 -100 -100 -100 -100 -100 -100 6859 0 0 
0 1 -1 1 1 0 -1 0 -1 -101 -100 4200 -100 -100 -100 0 -100 0 
0 1 1 1 1 0 -1 0 0 -100 -100 -100 -100 -100 -100 21668 -100 -100 
0 -1 0 1 1 -1 -1 -1 -1 -100 0.16 -101 -100 -100 53293 0 0 0 
0 1 0 1 0 -1 1 -1 -1 -100 -100 -100 -100 -100 -1 -100 -1 0.8 
0 -1 -1 1 1 -1 -1 -1 0 -100 37567.2 0 -100 -100 0 -0.8 0 -100 
0 1 -1 1 1 0 -1 -1 0 -100 -100 30886.4 -100 -100 -100 0 0 -100 
0 0 -1 -1 -1 -1 1 -1 1 -100 -100 0 0 0 0 -100 0 -100 
0 0 1 0 -1 -1 1 -1 1 -100 -100 -100 -100 1 0 -100 0 -100 
0 1 1 1 1 0 0 0 -1 -100 -100 -100 -100 -100 -101 -100 -100 0 
-1 -1 -1 1 0 -1 -1 -1 -1 -1.6 -1.6 -1.6 -14992 -100 -1.6 0.672 -0.8 -0.8 
1 -1 -1 -1 0 -1 -1 -1 -1 -100 -0.8 -0.8 0.288 -100 -0.8 0 -1.6 -0.8 
1 1 0 -1 0 -1 -1 -1 -1 -100 -101 -102 -1 -100 -1 2.4 0 0 
-1 -1 1 -1 0 -1 -1 -1 -1 -0.288 -0.8 -14425 -0.8 -100 -1.44 -0.96 -0.8 -0.8 
-1 -1 -1 -1 0 1 -1 -1 -1 -1.6 -0.8 -0.8 -0.8 -101 -100 -0.8 -0.8 -0.8 
1 0 -1 -1 0 1 -1 -1 -1 -100 -101 -1 -1 -100 -100 -1 0 0 
-1 0 1 1 0 -1 -1 -1 -1 -1 -100 -100 -100 -100 -1 -1 0 0 
-1 1 -1 -1 0 -1 -1 -1 -1 2.72 -15069 -1.6 -0.8 -100 -1.6 -1.376 -0.8 -0.8 
-1 -1 -1 -1 0 -1 -1 -1 1 -1.6 -0.96 -1.6 -1.6 -100 -0.8 -0.8 -0.8 -100 
1 0 -1 -1 0 -1 -1 -1 1 -100 -100 -1 -1 -100 0 0 0 -100 
-1 -1 0 -1 1 -1 -1 -1 -1 -0.64 -0.8 -100 -0.8 -100 137606 0 -0.8 0 
1 -1 0 -1 1 -1 -1 -1 0 -100 0 -100 0 -100 -0.8 0 0 -100 
1 -1 0 -1 1 1 0 -1 0 -100 -1 -100 33912 -100 -100 -100 0 -100 
-1 1 0 -1 1 0 -1 -1 -1 -1 -100 -101 -1 -100 -100 0 0 0 
-1 -1 0 1 1 0 -1 -1 -1 -1 0 -100 -100 -100 -100 0 0 0 
-1 -1 0 -1 1 0 -1 1 -1 -1 0 -100 0 -100 -100 0 -100 0 
-1 -1 0 1 -1 -1 -1 -1 -1 -0.8 -0.8 -100 -15448 0 0 0 0 0 
1 -1 0 1 -1 0 -1 -1 -1 -100 -1 -100 -100 0 -100 0 0 0 
-1 -1 0 -1 -1 -1 1 -1 -1 0.16 -0.8 -100 0 0 0 -100 0 0 
1 -1 0 -1 -1 0 1 -1 -1 -100 -1 -100 4 0 -100 -100 0 0 
1 -1 0 -1 -1 -1 -1 -1 -1 -101 -0.8 -100 -0.8 -0.8 -0.8 0.16 0 -0.8 
1 -1 0 -1 0 -1 -1 -1 1 -100 -1 -100 -1 -100 0 0 0 -100 
0 1 1 -1 0 -1 -1 -1 -1 -100 -100 -100 -1 -100 -1 -1 0 0 
0 1 -1 -1 0 1 -1 -1 -1 -100 -100 -1 -1 -100 -100 0 0 0 
0 1 -1 -1 0 -1 -1 -1 1 -100 -100 0.8 0 -100 0 0 0 -100 
0 1 1 0 0 -1 -1 -1 1 -100 -100 -100 -100 -100 1 0 0 -100 
-1 -1 0 1 0 1 -1 -1 -1 -1 0 -100 -100 -100 -100 0 0 0 
-1 1 0 -1 0 -1 -1 -1 1 -1 -100 -100 0 -100 0 0 0 -100 
-1 -1 -1 -1 0 -1 -1 1 -1 -0.8 -0.8 -1.6 -0.8 -100 -0.8 -0.128 -15442 -0.8 
1 -1 0 -1 0 -1 -1 1 -1 -100 -1 -100 -1 -100 0 0 -100 0 
-1 0 1 -1 0 -1 -1 -1 1 -1 -100 -100 -1 -100 1 0 0 -101 
-1 -1 -1 -1 1 -1 0 -1 -1 -2.4 -1.6 -1.6 -1.152 -100 -1.6 -101 109062 -0.8 
1 -1 -1 -1 1 -1 0 0 -1 -100 -1 -1 -1 -100 0 -100 -100 0 
-1 1 -1 -1 1 -1 0 0 -1 -1 -100 0 0 -100 0 -100 -100 0 
-1 -1 -1 -1 0 -1 1 -1 -1 -1.6 -1.6 -1.6 -1.44 -100 -1.44 -100 -1.44 -1.44 
1 0 -1 -1 0 -1 1 -1 -1 -100 -100 -1 0 -100 0 -100 0 0 
-1 -1 -1 -1 1 -1 -1 -1 0 -1.888 -1.6 -1.6 -1.6 -101 -2.4 164435 -0.8 -100 
1 -1 -1 0 1 -1 -1 -1 0 -101 31043.7 0 -100 -100 0 0 0 -100 
1 1 0 0 1 -1 -1 -1 0 -100 -100 -100 -100 -100 578.4 0 0 -100 
1 1 0 0 1 1 0 -1 0 -100 -100 -100 -100 -100 -100 -100 5144 -100 
1 -1 -1 -1 1 -1 0 -1 0 -100 0 0 -1 -100 0 -100 0 -100 
1 -1 -1 -1 -1 -1 -1 -1 0 -15288 -0.8 0.64 0 0 0 0 0 -100 
1 1 -1 -1 -1 -1 0 -1 0 -100 -100 1 0 0 0 -100 0 -100 
1 1 0 -1 -1 -1 -1 -1 0 -100 -100 -100 -1 -1 -0.8 -1 0 -100 
0 -1 1 -1 1 -1 0 -1 -1 -100 -1 -100 0.64 -100 0 -100 0 0 
0 0 -1 1 -1 1 -1 -1 -1 -101 -100 0 -100 0 -100 0 0 0 
0 0 -1 1 -1 -1 -1 1 -1 -100 -100 -0.8 -100 0 0 0 -100 0 
0 0 1 1 0 -1 -1 1 -1 -100 -100 -100 -100 -100 -1 0 -100 0 
0 -1 0 -1 -1 -1 1 -1 1 -100 0 -100 0 0 0 -100 0 -100 
0 1 0 -1 0 -1 1 -1 1 -100 -100 -100 0 -100 0 -100 0 -100 
0 1 0 1 0 -1 1 0 1 -100 -100 -100 -100 -100 0 -100 -100 -100 
0 1 0 -1 -1 -1 1 -1 -1 -100 -100 -100 -0.8 0 0 -100 0 0 
-1 -1 -1 0 1 -1 -1 -1 -1 75861.1 0 0 -100 -100 0 -0.8 0 0 
1 -1 -1 0 1 -1 0 -1 -1 -100 38207.8 0 -100 -101 -1.6 -100 0 0 
1 1 -1 0 1 -1 0 -1 0 -100 -100 26165 -100 -100 0 -100 0 -100 
-1 -1 1 -1 1 -1 0 0 -1 -1 -1 -101 0 -100 0 -100 -100 0 
-1 -1 -1 1 1 -1 0 0 -1 -1 -1 -1 -100 -100 1 -100 -100 0 
0 -1 -1 -1 1 -1 0 -1 1 -100 -1 0 0 -100 0 -100 0 -100 
0 -1 0 -1 1 -1 1 -1 -1 -100 1.6 -100 0 -100 0 -100 0 0 
0 0 -1 -1 1 -1 1 -1 -1 -100 -100 4 0 -100 0 -100 0 0 
-1 -1 0 1 0 -1 -1 -1 1 -1 -1 -100 -100 -100 0 0 0 -100 
-1 0 0 -1 1 1 -1 -1 -1 19058.4 -100 -100 0 -100 -100 0 -1 0 
1 0 0 0 1 1 -1 -1 -1 -100 -100 -100 -100 -100 -100 4243.2 0 0 
1 0 0 0 1 1 1 0 -1 -100 -100 -100 -101 -100 -100 -100 -100 5305 
-1 -1 -1 -1 1 1 0 0 -1 -1 0 0 0 -101 -100 -100 -100 0 
0 -1 -1 -1 1 -1 0 1 -1 -100 10804 0 0 -100 0 -101 -100 0 
-1 1 0 -1 -1 0 1 -1 -1 -1 -100 -100 -1 -1 -100 -100 0 0 
-1 -1 -1 -1 0 1 1 -1 0 -0.8 0 0 0 -100 -100 -100 0 -100 
1 0 -1 -1 0 1 1 -1 0 -100 -100 -1 0 -100 -100 -100 0 -100 
-1 0 -1 1 0 -1 -1 1 -1 0 -100 0 -100 -100 0 0 -100 0 
1 0 -1 1 0 -1 0 1 -1 -100 -100 0 -100 -100 0 -100 -100 0 
1 0 1 1 0 0 0 1 -1 -100 -100 -100 -100 -100 -100 -100 -100 0 
0 -1 -1 1 0 -1 -1 1 -1 -100 -1 -1 -100 -100 0 0 -100 0 
0 -1 -1 -1 0 -1 1 1 -1 -100 -1 0 0 -100 0 -100 -100 2 
0 -1 1 -1 0 -1 -1 1 -1 -100 -1 -100 -1 -100 -1 0 -100 0 
-1 -1 0 -1 0 1 -1 -1 1 -1 0 -100 0 -100 -100 0 0 -100 
1 -1 -1 1 0 -1 0 -1 -1 -100 -2 -1.44 -100 -100 -2 -101 -2 -1 
1 -1 1 1 0 0 0 -1 -1 -101 1 -100 -100 -100 -100 -100 0 0 
-1 0 1 -1 0 1 -1 -1 -1 -1 -100 -100 0 -100 -100 0 0 0 
1 -1 -1 -1 -1 -1 0 -1 -1 -100 -0.8 0 0 0 -0.8 -101 0 0 
1 1 -1 -1 -1 -1 0 0 -1 -100 -100 6 0 0 0 -100 -100 0 
-1 -1 1 -1 -1 -1 0 -1 -1 -0.64 -0.8 -100 -0.8 1.152 0 -100 -0.8 -0.64 
1 0 1 -1 -1 -1 0 -1 -1 -100 -100 -100 -0.8 0 0 -100 0 0 
1 0 1 1 0 -1 0 -1 -1 -100 -100 -100 -100 -100 -1 -100 -0.8 0 
1 0 -1 -1 1 -1 -1 -1 0 -101 -100 -0.8 -0.8 -100 -0.8 33329.6 0 -100 
1 0 1 -1 1 -1 0 -1 0 -100 -100 -100 -1 -100 -1 -100 0 -100 
0 0 1 -1 0 -1 1 -1 1 -100 -101 -100 0 -100 0 -100 0 -101 
-1 1 0 -1 0 1 -1 -1 -1 -1 -100 -100 0 -100 -101 0 0 0 
-1 0 -1 -1 0 -1 1 -1 1 -1 -100 -1 0 -100 0 -100 0 -100 
0 1 0 0 0 1 1 -1 1 -100 -100 -100 -100 -100 -100 -100 2 -100 
1 0 1 1 0 -1 0 1 0 -100 -101 -100 -100 -100 0 -100 -100 -100 
-1 1 -1 -1 0 -1 1 -1 0 0.8 -100 0 0 -100 0 -100 0 -100 
1 1 0 -1 0 -1 1 -1 0 -100 -100 -100 1 -100 0 -100 0 -100 
-1 1 -1 -1 -1 -1 -1 -1 0 0.96 -100 0 -0.64 0 0 0 0 -100 
-1 1 -1 1 0 -1 -1 -1 0 -0.8 -100 0 -100 -100 0 0 0 -100 
1 1 0 1 0 -1 -1 -1 0 -100 -100 -100 -100 -100 -1 0 0 -100 
-1 1 -1 0 0 -1 1 -1 -1 -1 -100 -1 -100 -100 -0.8 -100 -1 -1 
1 0 0 -1 -1 -1 1 -1 -1 -100 -100 -100 1 0 0 -100 0 0 
1 0 -1 0 -1 -1 1 -1 -1 -100 -100 -0.8 -100 0 0 -100 0 0 
1 0 1 0 0 -1 1 -1 -1 -100 -100 -100 -100 -100 -1 -100 0 0 
-1 -1 0 -1 -1 1 -1 -1 -1 -0.8 0 -100 0 0 -100 0 0 0 
1 -1 0 -1 0 1 -1 -1 -1 -100 -1 -100 -1 -100 -100 0 0 0 
0 -1 -1 -1 0 1 1 -1 -1 -100 -1 0 -1 -100 -100 -100 0 0 
-1 -1 0 0 1 1 -1 -1 -1 -1.11022e-16 -0.64 -100 -101 -100 -100 0 0 0 
1 -1 0 0 1 1 0 -1 -1 -100 3537.6 -100 -100 -100 -100 -100 0 0 
-1 1 -1 -1 1 -1 -1 0 0 -1 -100 -1 -1 -100 0 0 -100 -100 
-1 -1 1 -1 -1 -1 -1 -1 0 7.04 0 -30413 0 0 0 0 0 -100 
1 -1 1 -1 -1 -1 0 -1 0 -100 3 -100 0 0 0 -100 0 -100 
0 1 1 -1 -1 -1 0 -1 -1 -100 -100 -101 0.64 0 0 -100 0 0 
-1 -1 1 -1 0 1 -1 -1 0 -0.8 0 -100 0 -100 -100 0 0 -100 
1 0 1 -1 0 1 -1 -1 0 -100 -100 -100 -1 -100 -100 0 0 -100 
-1 -1 -1 -1 1 -1 -1 0 -1 -0.8 -0.8 -0.8 -0.8 -100 -0.64 164098 -100 0.8 
1 -1 -1 -1 1 -1 -1 0 0 -100 -1 0 0 -100 0 0 -101 -100 
-1 -1 1 -1 1 -1 -1 0 0 -1 -1 -100 -1 -100 0 0 -100 -100 
1 -1 -1 -1 -1 -1 -1 0 -1 -14950 0.96 0 0 0 0 0 -100 0 
1 1 -1 -1 -1 -1 -1 0 0 -100 -100 3 0 0 0 0 -100 -100 
1 1 0 -1 -1 -1 0 -1 -1 -100 -100 -100 -1 -0.8 -1 -100 -1 0 
1 -1 -1 -1 -1 1 0 0 -1 -100 -1 -1 -1 0 -100 -100 -100 0 
-1 -1 -1 -1 -1 -1 0 1 -1 -0.8 -0.8 0 0 0 0 -100 -100 0 
1 -1 -1 -1 0 -1 0 1 -1 -100 -1 0 0 -100 0 -100 -100 0 
-1 -1 -1 -1 -1 -1 0 -1 1 -0.8 -0.8 0 0 0 0 -100 0 -100 
1 -1 -1 -1 0 -1 0 -1 1 -100 -1 0 0 -100 0 -100 0 -100 
-1 1 -1 -1 -1 -1 0 -1 -1 -0.64 -14869 0 0 0 0 -100 0 0 
1 1 0 -1 1 -1 0 0 -1 -100 -100 -100 -1 -100 0 -100 -100 0 
-1 -1 -1 0 -1 1 -1 -1 -1 0 0 0 -100 0 -100 0 0 0 
1 -1 -1 0 0 1 -1 -1 -1 -100 0 0 -100 -100 -100 0 0 0 
1 1 0 0 0 1 -1 -1 -1 -100 -100 -100 -100 -100 -100 0 0 0 
1 1 0 0 0 1 1 0 -1 -100 -100 -100 -100 -100 -100 -100 -100 0 
-1 -1 -1 1 -1 -1 -1 -1 0 -0.8 -0.288 -0.8 -100 0 0 0 -0.8 -100 
1 -1 -1 1 -1 -1 -1 0 0 -100 -1 0 -100 0 0 0 -100 -100 
-1 -1 -1 -1 -1 1 -1 -1 0 -0.8 -0.8 -0.8 0 0 -476 0 0 -100 
1 -1 -1 -1 -1 1 -1 0 0 -100 -1 0 0 0 -100 0 -100 -100 
-1 -1 -1 -1 -1 -1 1 -1 0 -0.8 0 0 0 0 0 -100 0 -100 
1 -1 -1 -1 -1 0 1 -1 0 -100 -1 0 0 0 -100 -100 0 -100 
1 -1 1 -1 -1 -1 -1 0 0 -100 4 -100 0 0 0 0 -100 -100 
1 -1 0 -1 -1 -1 -1 -1 0 -100 -1 -100 0 0 0 0 0 -100 
-1 -1 1 -1 0 -1 1 -1 0 0.8 -1 -100 0 -100 0 -100 0 -100 
1 0 1 -1 0 -1 1 -1 0 -100 -100 -100 1 -100 0 -100 0 -100 
-1 -1 1 1 -1 -1 0 0 -1 -1 0 -100 -100 0 0 -100 -100 0 
-1 0 1 -1 -1 -1 -1 -1 -1 -0.128 -100 -101 -0.16 0 0 0 0 0 
1 0 1 0 0 -1 -1 1 -1 -100 -101 -100 -100 -100 1.6 0 -100 0 
1 0 1 0 0 1 0 1 -1 -100 -100 -100 -100 -100 -100 -100 -100 2 
-1 -1 1 -1 -1 0 -1 -1 -1 4.064 0 -100 0 0 -100 0 0 0 
1 -1 1 0 -1 0 -1 -1 -1 -100 3 -100 -100 0 -100 0 0 0 
-1 -1 1 0 1 -1 0 -1 -1 0.8 0 -100 -100 -100 0 -100 0 0 
1 -1 1 0 1 -1 0 -1 0 -100 1 -100 -100 -100 0 -100 0 -100 
-1 0 1 -1 0 -1 -1 1 -1 0 -100 -100 0 -100 0 0 -100 0 
1 0 1 -1 0 -1 0 1 -1 -100 -100 -100 0 -100 0 -100 -100 0 
0 0 1 1 -1 -1 -1 -1 -1 -100 -100 -100 -100 0.8 0 0 0 0 
0 -1 1 0 -1 -1 -1 -1 1 -100 -1 -100 -100 0 0 0 0 -100 
0 1 -1 0 -1 -1 -1 1 -1 -100 -100 -1 -100 0 0 0 -100 0 
1 -1 0 1 0 -1 -1 -1 -1 -100 -1 -100 -100 -100 -1 0 0 0 
0 0 -1 -1 1 -1 -1 1 -1 -100 -100 -0.8 0 -100 0 0 -100 0 
0 0 1 0 1 -1 -1 1 -1 -100 -100 -100 -100 -100 -1 0 -100 0 
0 -1 -1 0 1 1 -1 -1 -1 -100 -1 0 -100 -100 -100 0 0 0 
-1 0 -1 1 -1 -1 -1 -1 -1 -1.11022e-16 -100 0 -101 0 0 0 0 0 
1 0 0 1 -1 -1 -1 -1 -1 -100 -100 -100 -100 0.8 0 0 0 0 
1 0 0 1 1 0 -1 -1 -1 -100 -100 -100 -100 -100 -100 19637 -1 0 
1 0 -1 1 -1 -1 0 -1 -1 -100 -100 -0.8 -100 0 0 -100 0 0 
1 0 1 1 -1 -1 0 0 -1 -100 -101 -100 -100 0 0 -100 -100 0 
-1 -1 -1 1 -1 -1 0 -1 -1 -0.64 -0.8 0.64 -476 0 0 -101 0 0 
-1 -1 -1 -1 -1 -1 1 0 -1 -0.64 -0.64 -0.16 5.5296 0 -0.8 -100 -100 0 
1 -1 -1 -1 0 -1 1 0 -1 -100 -0.8 0 0 -100 0 -100 -100 0 
1 1 0 -1 0 -1 1 0 -1 -100 -100 -100 0 -100 0 -101 -100 0 
-1 1 -1 -1 -1 -1 1 0 0 -0.8 -100 0 0 0 0 -100 -100 -100 
1 1 -1 -1 -1 0 1 0 0 -100 -100 0 0 0 -100 -100 -101 -100 
-1 -1 1 -1 -1 -1 1 0 0 0.8 0 -100 0 0 0 -100 -100 -100 
1 -1 1 -1 -1 0 1 0 0 -100 1 -100 0 0 -100 -100 -100 -100 
-1 -1 1 -1 0 -1 1 0 -1 -1 0 -100 0 -100 0 -100 -100 -1 
-1 -1 -1 1 0 -1 1 0 -1 2 0 0 -100 -100 0 -100 -100 0 
0 -1 -1 1 -1 -1 1 0 -1 -100 -0.8 -0.288 -100 4.8 0 -100 -100 -0.8 
0 1 -1 1 0 -1 1 0 -1 -100 -100 -1 -100 -100 0 -100 -100 0 
-1 -1 -1 -1 0 1 1 0 -1 -1 0 0 0 -100 -100 -100 -100 0 
-1 -1 1 -1 -1 -1 -1 0 -1 -0.64 -0.8 -100 -0.8 -0.8 -0.8 -0.8 -101 0 
1 -1 1 -1 -1 -1 0 0 -1 -100 2 -100 0 0 0 -100 -100 0 
-1 -1 1 0 -1 -1 0 -1 1 -0.8 0 -100 -100 0 0 -100 0 -100 
1 -1 1 0 -1 0 0 -1 1 -101 0 -100 -100 0 -100 -100 0 -100 
-1 -1 -1 -1 -1 1 -1 0 -1 -0.8 0 0 0 0 -100 0 -100 0 
1 0 1 -1 -1 -1 -1 -1 0 -100 -100 -101 -0.8 -0.8 -0.8 4 0 -100 
1 0 1 1 0 -1 -1 -1 0 -100 -100 -100 -100 -100 -1 0 0 -100 
-1 -1 -1 -1 -1 -1 -1 1 0 -0.8 -0.8 0 0 0 0 0 -101 -100 
1 -1 0 -1 -1 -1 -1 1 0 -100 -1 -100 0 0 0 0 -100 -100 
-1 -1 -1 -1 0 -1 0 1 1 -1 0 0 0 -100 0 -100 -100 -100 
0 1 -1 0 0 1 1 -1 -1 -100 -100 -1 -100 -100 -100 -100 0 0 
1 0 1 -1 -1 0 -1 -1 -1 -100 -100 -100 2.88 0 -100 0 0 0 
1 0 1 1 -1 0 0 -1 -1 -100 -100 -100 -100 1.6 -100 -100 0 0 
1 0 1 1 1 0 0 0 -1 -100 -100 -100 -100 -100 -100 -100 -100 22101 
-1 -1 0 -1 -1 -1 -1 -1 -1 -0.8 0 -100 0 0 0 0 0 0 
1 -1 0 -1 0 -1 -1 -1 -1 -100 -1 -100 0 -100 0 0 0 0 
1 -1 0 -1 1 0 -1 -1 -1 -100 -1 -100 0 -100 -100 0 0 0 
-1 1 0 -1 -1 -1 -1 -1 -1 -0.8 -100 -100 0 0 0 -0.64 0 0 
1 1 0 -1 -1 0 -1 -1 -1 -100 -100 -100 -1 -1 -100 -1 0 0 
1 -1 0 0 -1 -1 1 -1 -1 -100 -0.8 -100 -100 -0.8 0 -100 0 0 
1 1 0 0 0 -1 1 -1 -1 -100 -100 -101 -100 -100 0 -100 0 0 
1 1 0 0 -1 -1 1 -1 0 -100 -100 -100 -100 -1 0 -100 0 -100 
-1 -1 -1 -1 -1 0 1 -1 -1 -0.8 -1.6 -0.8 -0.8 -0.8 -100 -15033 -0.64 -0.8 
1 -1 -1 0 -1 0 1 -1 -1 -100 0 0 -101 0 -100 -100 0 0 
-1 -1 -1 0 -1 0 1 -1 1 -1 0 0 -100 0 -100 -100 0 -100 
1 0 1 1 0 0 -1 -1 -1 -100 -100 -100 -100 -100 -100 2 0 0 
-1 -1 1 0 -1 -1 -1 -1 -1 0.8 0 -100 -100 0 0 0 0 0 
1 -1 1 0 0 -1 -1 -1 -1 -100 2 -100 -100 -100 0 0 0 0 
1 0 1 0 1 -1 0 -1 -1 -100 -100 -101 -100 -100 4449.6 -100 0 0 
1 0 1 0 1 1 0 -1 0 -100 -100 -100 -100 -100 -101 -100 0 -100 
-1 0 1 -1 0 -1 1 -1 -1 -2 -100 -100 0 -100 0 -100 0 0 
0 -1 0 -1 1 1 -1 -1 -1 -100 -0.64 -101 51190 -100 -100 0 0 0 
0 1 0 0 1 1 -1 -1 -1 -100 -100 -100 -100 -100 -100 -0.8 0 0 
0 1 0 0 1 1 1 0 -1 -100 -100 -101 -100 -100 -100 -100 -100 0 
0 1 1 -1 -1 0 -1 -1 -1 -100 -100 -100 -0.8 -0.64 -100 -0.8 -0.8 -0.8 
0 1 1 1 0 0 -1 -1 -1 -100 -100 -100 -100 -100 -100 -1 0 0 
-1 -1 -1 -1 1 0 -1 -1 -1 -0.8 -1.6 85428.9 0 -101 -100 -0.8 0 0 
1 -1 -1 -1 1 0 -1 -1 0 -100 -1 0 0 -100 -100 0 0 -100 
-1 1 -1 -1 1 0 -1 -1 0 -1 -100 0 0 -100 -100 0 0 -100 
-1 -1 1 -1 1 0 -1 -1 0 15259.5 1.6 -100 0 -100 -100 0 0 -100 
1 -1 1 -1 1 0 0 -1 0 -100 8077 -100 0 -100 -100 -100 0 -100 
1 0 1 -1 1 0 -1 -1 0 -101 -100 -100 4545.6 -100 -100 0 0 -100 
1 0 1 1 1 0 0 -1 0 -100 -100 -100 -100 -100 -100 -100 0 -101 
-1 -1 1 -1 1 0 0 -1 -1 16162.1 0 -100 0 -100 -101 -101 0 0 
1 -1 1 -1 1 0 0 0 -1 -100 26420 -100 0 -100 -100 -100 -100 0 
1 0 1 -1 1 0 0 -1 -1 -100 -100 -100 4635.2 -101 -100 -100 0 0 
-1 -1 -1 -1 1 0 1 -1 0 -1 -1 43913 0 -100 -100 -100 -0.8 -100 
0 -1 1 -1 1 0 -1 -1 -1 -100 3580.8 -100 -0.16 -100 -100 0 0 0 
0 -1 1 1 1 0 -1 -1 0 -100 0.8 -100 -100 -100 -100 0 0 -100 
0 -1 1 -1 -1 -1 0 1 -1 -100 -1 -100 0 0 0 -100 -100 0 
-1 -1 -1 1 -1 0 -1 -1 -1 -0.128 0 0 -17332 0 -100 0 0 0 
1 -1 -1 1 -1 0 0 -1 -1 -100 0.64 0 -100 0 -100 -100 0 0 
1 1 0 1 -1 0 0 -1 -1 -100 -100 -100 -100 0.8 -100 -100 0 0 
1 1 0 1 1 0 0 0 -1 -100 -100 -100 -100 -101 -100 -100 -100 1 
0 -1 1 1 1 0 -1 0 -1 -100 0 -100 -100 -100 -100 0 -101 0 
0 -1 1 1 1 0 0 -1 -1 -100 0.8 -100 -100 -100 -100 -100 0 0 
0 1 -1 -1 -1 -1 0 1 -1 -100 -100 -1 0 0 0 -100 -100 0 
0 1 -1 -1 -1 -1 0 -1 1 -100 -100 -1 0 0 0 -100 0 -100 
1 -1 -1 0 -1 -1 -1 -1 -1 -30602 2.912 0 -100 0 0 0 0 0 
1 1 0 0 -1 -1 -1 -1 -1 -100 -100 -100 -100 0.64 0 0 0 0 
1 1 0 0 1 0 -1 -1 -1 -100 -100 -100 -100 -100 -100 287.8 0 0 
1 1 0 0 1 0 1 0 -1 -100 -100 -100 -100 -100 -100 -100 -101 361 
1 1 0 0 1 -1 -1 0 -1 -100 -100 -100 -100 -100 4676 0 -100 0 
1 1 0 0 1 1 -1 0 0 -100 -100 -100 -100 -100 -100 0 -100 -100 
1 1 -1 0 0 -1 -1 -1 -1 -100 -100 5 -100 -100 0 0 0 0 
1 -1 0 0 1 -1 1 -1 0 -100 -1 -100 -100 -100 0 -100 0 -100 
1 1 0 -1 -1 -1 -1 0 -1 -101 -100 -100 -0.8 -0.8 -0.8 1.76 -100 0 
1 1 0 1 -1 -1 0 0 -1 -100 -100 -100 -100 -1 0 -100 -100 0 
1 0 1 -1 -1 1 -1 0 0 -100 -100 -100 -1 0 -100 0 -100 -100 
1 0 1 -1 -1 -1 1 0 0 -100 -100 -100 1 0 0 -100 -100 -100 
0 1 -1 -1 -1 1 -1 -1 0 -100 -100 -1 0 0 -100 0 0 -100 
1 -1 -1 -1 -1 0 -1 -1 -1 -100 -0.8 2.24 0 0 -101 0 0 0 
-1 1 -1 -1 -1 0 -1 -1 -1 -0.8 -100 -0.032 -0.8 -0.8 -100 -0.8 -0.8 0 
1 -1 1 -1 0 0 -1 -1 -1 -100 2 -100 0 -100 -100 0 0 0 
-1 -1 -1 -1 -1 1 0 -1 -1 -0.8 0 0 0 0 -14982 -100 0 0 
0 1 1 1 1 0 0 -1 0 -100 -100 -100 -100 -100 -100 -100 33596 -100 
1 -1 1 -1 0 -1 -1 0 -1 -100 4 -100 0 -100 0 0 -100 0 
1 0 1 -1 -1 -1 -1 0 -1 -101 -101 -100 -1 -0.8 -1 -1 -100 -1 
1 0 1 -1 1 -1 -1 0 0 -100 -100 -100 -1 -100 -1 19801 -100 -100 
-1 -1 -1 -1 0 1 0 1 -1 -1 0 0 0 -100 -100 -100 -100 0 
-1 -1 -1 1 -1 -1 -1 0 -1 0 0 0 -15076 -0.8 0 0 -100 0 
-1 -1 -1 -1 -1 -1 -1 0 1 -0.8 0 0 0 0 0 0 -100 -15280 
1 0 -1 -1 -1 -1 -1 0 1 -100 -100 -1 0 0 0 0 -100 -100 
-1 0 -1 1 -1 -1 1 0 -1 1 -100 0 -100 0 0 -100 -100 0 
0 -1 1 1 -1 -1 1 0 -1 -100 0.64 -100 -100 0 0 -100 -100 0 
0 1 1 1 -1 -1 0 0 -1 -100 -100 -100 -100 0.8 0 -100 -100 0 
0 1 1 1 1 -1 0 0 -1 -100 -100 -100 -100 -100 1 -100 -100 0 
0 -1 1 1 0 -1 1 0 -1 -100 0 -100 -100 -101 0 -100 -100 0 
0 -1 -1 1 1 0 1 0 -1 -100 -0.8 0 -100 -100 -100 -100 -100 0 
0 1 -1 1 1 0 1 0 0 -100 -100 1 -100 -100 -100 -100 -100 -100 
0 0 -1 1 1 -1 1 0 -1 -100 -100 6 -100 -100 0 -100 -100 0 
0 -1 0 1 1 -1 1 0 -1 -100 0.8 -100 -100 -100 0 -100 -100 0 
0 1 0 1 1 -1 1 0 0 -100 -100 -100 -100 -100 2 -100 -100 -100 
0 -1 -1 1 0 1 1 0 -1 -100 0 0 -100 -100 -100 -100 -100 0 
0 1 0 1 0 1 1 0 -1 -100 -100 -100 -100 -100 -100 -100 -100 0 
0 0 -1 1 -1 -1 1 0 1 -100 -100 -1 -100 0 0 -100 -100 -100 
0 -1 0 1 1 0 1 0 1 -100 0 -100 -100 -100 -100 -100 -100 -100 
0 -1 -1 -1 1 1 -1 0 -1 -100 -0.8 0 0 -100 -100 0 -100 0 
0 1 -1 0 1 1 -1 0 -1 -100 -100 -1 -100 -100 -100 0 -100 0 
1 -1 -1 -1 0 0 1 -1 -1 -100 -1 0 0 -100 -100 -100 0 0 
-1 -1 1 -1 0 0 1 -1 -1 -1 0 -100 0 -100 -100 -100 0 0 
-1 1 -1 -1 0 0 1 -1 -1 -1 -100 0 0 -100 -100 -100 0 0 
0 -1 -1 1 -1 0 1 -1 -1 -101 0 0 -100 0 -100 -100 0 0 
-1 -1 0 -1 1 0 1 -1 -1 -1 0 -100 0 -100 -100 -100 0 0 
-1 1 1 -1 0 0 -1 -1 -1 3 -100 -100 0 -100 -100 0 0 0 
0 1 1 -1 1 0 -1 0 -1 -100 -100 -100 -0.8 -101 -100 0 -100 0 
0 1 1 -1 0 0 1 -1 -1 -100 -100 -100 -1 -100 -100 -100 0 0 
0 1 -1 -1 -1 -1 -1 -1 -1 0.64 -100 0 0 0 0 0 0 0 
0 1 0 -1 -1 -1 -1 -1 1 -100 -100 -0.2 0 0 0 0 0 -100 
1 -1 -1 0 0 -1 1 -1 -1 -100 -1 0 -100 -100 0 -100 0 0 
-1 1 -1 0 0 -1 -1 -1 1 -1 -100 -1 -100 -100 0 0 0 -100 
-1 0 -1 1 0 1 -1 -1 -1 -1 -100 -1 -100 -100 -100 0 0 0 
1 -1 1 1 0 -1 0 0 -1 -100 1 -100 -101 -100 0 -100 -100 0 
-1 1 -1 -1 0 -1 0 1 -1 -1 -100 0 0 -100 0 -100 -100 0 
0 -1 -1 0 1 -1 1 -1 -1 -100 0.8 0 -100 -100 0 -100 0 0 
1 -1 -1 0 1 -1 -1 0 -1 -100 14479 0 -100 -100 0 0 -100 0 
-1 -1 -1 1 1 0 0 -1 -1 -0.8 -0.64 0 -100 -100 -100 -100 0 0 
1 -1 -1 1 1 0 0 0 -1 -100 0 0 -101 -100 -100 -100 -100 0 
-1 1 -1 1 1 0 0 0 -1 -0.8 -100 0 -100 -100 -100 -100 -100 0 
-1 1 -1 1 -1 -1 0 0 -1 -1 -100 0 -100 0 0 -100 -100 0 
-1 -1 -1 -1 0 -1 1 1 0 -0.16 -1 0 -1 -100 0 -100 -100 -100 
1 0 -1 -1 0 -1 1 1 0 -100 -100 0.8 0 -100 0 -100 -100 -100 
1 0 1 -1 0 0 1 1 0 -100 -100 -100 1 -100 -100 -100 -100 -100 
1 -1 -1 0 0 -1 1 1 0 -100 -1 0 -100 -100 0 -100 -100 -100 
1 -1 -1 0 0 -1 -1 1 -1 -100 -1 -1 -100 -100 0 0 -100 0 
-1 -1 1 0 0 -1 -1 -1 1 -1 0 -100 -100 -100 0 0 0 -100 
-1 -1 1 0 0 -1 -1 1 -1 -1 0 -100 -100 -100 0 0 -100 0 
-1 -1 -1 -1 0 -1 -1 -1 -1 -0.8 0 0 0 -100 0 0 0 0 
1 -1 -1 0 0 -1 -1 -1 -1 -100 -1 0 -100 -100 0 0 0 0 
0 -1 -1 -1 0 1 -1 1 -1 -100 -1 0 0 -100 -100 0 -100 0 
-1 0 -1 -1 0 -1 -1 1 1 0 -100 0 0 -100 0 0 -101 -100 
-1 0 -1 1 0 -1 1 -1 -1 3 -100 0 -100 -100 0 -100 0 0 
0 0 -1 1 0 -1 1 -1 1 -100 -100 -1 -100 -100 -1 -100 0 -100 
0 -1 -1 1 1 -1 -1 -1 -1 -100 -1.11022e-16 -0.8 -100 -100 0 0 0 0 
0 1 -1 1 1 -1 0 -1 -1 -100 -100 0.8 -100 -100 0 -100 0 0 
0 1 1 1 1 -1 0 -1 -1 -100 -100 -100 -100 -100 1 -100 0 0 
-1 0 -1 -1 1 -1 0 1 -1 -1.11022e-16 -100 -0.64 9137.92 -100 0 -100 -100 0 
1 0 -1 0 1 -1 0 1 -1 -100 -100 4038.4 -100 -100 0 -100 -100 0 
1 0 1 0 1 0 0 1 -1 -100 -100 -100 -100 -100 -100 -100 -100 5073 
1 0 1 0 1 -1 0 1 0 -100 -100 -102 -100 -100 0 -100 -100 -100 
1 0 -1 -1 1 -1 0 1 0 -100 -100 -0.8 0 -100 0 -100 -100 -100 
0 0 1 -1 1 -1 0 1 -1 -100 -100 -100 -0.8 -100 0 -100 -100 0 
0 0 1 1 1 0 0 1 -1 -101 -100 -100 -100 -100 -100 -100 -100 0 
0 0 -1 1 1 -1 0 1 -1 -100 -100 0 -100 -100 7188 -100 -100 0 
-1 0 -1 1 1 0 0 1 -1 0.8 -100 0 -100 -100 -100 -100 -100 0 
1 0 0 1 1 0 0 1 -1 -100 -100 -100 -100 -100 -100 -100 -100 5304 
-1 -1 -1 1 1 -1 -1 0 0 -1 -1 0 -100 -100 0 0 -100 -100 
-1 -1 -1 -1 1 1 -1 0 0 -1 -2 0 0 -100 -100 0 -100 -100 
-1 -1 1 -1 -1 1 -1 0 0 -1 0 -100 0 0 -100 0 -100 -100 
-1 -1 -1 -1 1 0 -1 1 0 -1 0 0 0 -100 -100 0 -100 -100 
1 1 -1 -1 -1 0 -1 -1 0 -100 -100 1 0 0 -100 0 0 -100 
1 1 0 -1 -1 1 0 -1 0 -100 -100 -100 -1 0 -100 -100 0 -100 
0 1 0 1 0 0 1 -1 1 -100 -100 -100 -100 -100 -100 -100 1 -100 
0 1 -1 1 -1 -1 -1 -1 0 -100 -100 0.64 -100 0 0 0 0 -100 
0 1 1 1 -1 -1 0 -1 0 -100 -100 -100 -100 1.6 0 -100 0 -100 
0 1 1 1 1 -1 0 -1 0 -100 -100 -100 -100 -100 1 -100 0 -100 
-1 -1 -1 1 -1 0 -1 1 0 -1 0 0 -100 0 -100 0 -100 -100 
-1 1 -1 1 -1 0 -1 -1 0 -1 -100 0 -100 0 -100 0 0 -100 
-1 0 -1 1 0 -1 -1 -1 1 -1 -100 0 -100 -100 0 0 0 -100 
-1 0 -1 -1 0 -1 1 1 -1 -0.8 -100 0 0 -100 0 -100 -100 0 
1 0 -1 0 0 -1 1 1 -1 -100 -100 -1 -100 -100 0 -100 -100 0 
-1 1 -1 -1 -1 0 -1 1 0 -1 -100 0 0 0 -100 0 -100 -100 
-1 -1 1 1 -1 -1 -1 0 0 -1 0 -100 -100 0 0 0 -100 -100 
1 -1 1 -1 -1 0 -1 -1 0 -100 2 -100 0 0 -100 0 0 -100 
1 0 1 -1 -1 0 1 -1 0 -100 -100 -100 2 0 -100 -100 0 -100 
1 0 1 0 -1 -1 1 -1 0 -100 -100 -100 -100 3 0 -101 0 -100 
-1 -1 1 1 0 -1 -1 0 -1 -1 0 -100 -100 -100 0 0 -100 0 
-1 1 1 -1 -1 -1 0 0 -1 0 -100 -100 0 0 0 -101 -100 0 
-1 -1 1 -1 -1 1 0 0 -1 -1 0 -100 0 0 -100 -100 -100 0 
-1 1 -1 -1 -1 -1 -1 0 -1 3.328 -100 0 0 0 0 0 -100 0 
1 1 -1 -1 0 -1 -1 0 -1 -100 -100 2 0 -100 0 0 -100 0 
-1 -1 -1 -1 1 -1 1 0 0 64061.6 0 0 -0.8 -100 0 -101 -100 -100 
1 0 -1 -1 1 -1 1 0 0 -100 -100 54302 0 -100 0 -100 -100 -100 
1 1 0 -1 1 0 -1 0 -1 -100 -100 -100 -1 -100 -100 0 -100 0 
1 1 0 -1 0 1 -1 0 -1 -100 -100 -100 -1 -100 -100 0 -100 0 
1 1 0 -1 -1 -1 1 0 0 -100 -100 -100 3 0 0 -100 -100 -100 
-1 1 0 -1 -1 1 -1 0 -1 0 -100 -100 0 0 -100 0 -100 0 
1 1 0 0 -1 -1 1 0 -1 -100 -100 -100 -100 -0.8 0 -100 -100 0 
1 1 0 0 -1 1 1 0 0 -100 -100 -100 -100 0 -100 -100 -100 -100 
1 1 0 0 0 1 1 -1 0 -100 -100 -100 -100 -100 -100 -100 0 -100 
1 1 -1 -1 0 0 -1 -1 -1 -100 -100 1 0 -100 -100 0 0 0 
1 1 0 -1 0 0 1 -1 -1 -100 -100 -100 3 -100 -100 -100 0 0 
0 1 1 -1 0 0 -1 1 -1 -100 -100 -100 -1 -100 -100 0 -100 0 
0 1 1 0 -1 0 -1 -1 1 -100 -100 -100 -100 0 -100 0 0 -101 
-1 1 0 1 -1 0 -1 -1 -1 -1 -100 -100 -100 0 -100 0 0 0 
-1 1 0 -1 -1 0 -1 1 -1 -1 -100 -100 0 0 -100 0 -100 0 
1 0 1 1 1 0 -1 0 0 -100 -100 -100 -100 -100 -100 22684 -100 -100 
-1 -1 -1 -1 -1 0 -1 1 -1 0 0 0 -0.8 0 -100 0 -14876 0 
-1 -1 0 1 -1 0 -1 1 -1 -1 0 -100 -100 0 -100 0 -100 0 
-1 -1 0 -1 1 0 -1 -1 1 1 0 -100 0 -100 -100 0 0 -100 
-1 -1 1 0 1 0 -1 -1 -1 33691.2 0 -100 -100 -100 -100 0 0 0 
-1 -1 -1 0 1 -1 0 1 -1 9557.28 0 0 -100 -100 0 -100 -100 0 
1 -1 0 0 1 -1 0 1 -1 -100 27282 -100 -100 -100 0 -100 -100 0 
-1 0 0 1 1 -1 0 1 -1 1.6 -100 -100 -100 -100 0 -100 -100 0 
1 0 0 1 1 -1 0 1 0 -100 -100 -100 -100 -100 10967 -100 -100 -100 
-1 -1 0 -1 1 -1 1 -1 0 0 0 -100 0 -100 3506.56 -100 0 -100 
0 -1 0 -1 1 1 1 -1 0 -100 4382.4 -100 0 -100 -100 -100 0 -100 
0 1 0 -1 1 1 1 0 0 -100 -100 -100 5476 -100 -100 -101 -100 -100 
0 -1 -1 -1 1 -1 1 -1 0 -101 19777.8 0 0 -100 0 -101 0 -100 
0 1 -1 -1 1 -1 1 0 0 -100 -100 6482 0 -100 0 -100 -100 -100 
0 1 0 -1 1 -1 1 -1 0 -100 -100 -100 -0.2 -100 2.4 -100 0 -100 
-1 -1 -1 0 -1 -1 -1 1 -1 -0.8 0 0 -100 0 0 0 -100 0 
1 -1 -1 0 1 1 0 0 -1 -100 -1 0 -100 -100 -100 -100 -100 0 
1 1 0 0 1 -1 0 -1 -1 -100 -100 -100 -100 -100 0.8 -100 0 20204 
1 1 0 0 1 1 0 0 -1 -101 -100 -100 -100 -100 -100 -100 -100 5847 
1 1 -1 0 1 -1 0 0 -1 -100 -100 33655 -100 -100 0 -100 -100 0 
-1 0 -1 -1 1 -1 -1 -1 -1 90846.6 -100 0 0.64 -100 0 0.64 0 0 
1 0 0 -1 1 -1 -1 -1 -1 -100 -100 -100 16848 -100 0 0 0 0 
-1 0 -1 -1 0 1 -1 -1 1 -1 -100 0 0 -100 -100 0 0 -100 
-1 0 -1 -1 -1 -1 -1 -1 1 0.64 -100 0 0 0 0 0 0 -100 
1 0 0 -1 -1 -1 -1 -1 1 -100 -100 -100 0.8 0 0 0 0 -100 
1 0 0 1 -1 -1 0 -1 1 -100 -100 -100 -100 1 0 -100 0 -100 
1 0 0 1 1 -1 0 -1 -1 -100 -100 -100 -100 -100 366 -100 0 0 
1 0 -1 1 1 -1 0 -1 0 -100 -100 -1 -100 -100 0 -100 0 -100 
1 0 -1 -1 1 1 -1 0 0 -100 -100 -1 0 -100 -100 0 -100 -100 
1 0 0 -1 1 -1 1 -1 0 -100 -100 -100 21269 -100 0 -100 0 -100 
1 0 -1 0 1 -1 -1 -1 -1 -100 -100 14425.3 -100 -100 0 0 0 0 
1 0 1 0 1 1 0 0 -1 -100 -100 -100 -100 -100 -100 -100 -100 10959 
-1 -1 1 -1 -1 -1 -1 -1 -1 0 0 -343 0 0 0 0 0 0 
-1 -1 -1 -1 1 -1 -1 -1 -1 -1.152 -1.3312 -1.0496 -1.4336 -440 -1.536 -1.152 -1.2544 -1.2288 
0 0 1 1 1 -1 -1 -1 -1 -100 -100 -100 -100 -100 -0.8 0 0 0 
1 0 -1 -1 1 -1 -1 -1 -1 -100 -100 -0.64 -0.512 -100 -0.512 0 0 0 
1 0 0 1 1 -1 -1 -1 -1 -100 -100 -100 -100 -100 -0.8 0 0 0 
-1 -1 0 -1 1 1 -1 -1 -1 -0.8 -0.512 -100 0 -100 -100 0 0 0 
1 -1 -1 0 1 -1 -1 -1 -1 -100 -0.64 -0.512 -100 -100 -1.11022e-16 -0.64 0 0 
1 0 1 0 1 -1 -1 -1 -1 -100 -100 -100 -100 -100 -0.8 -0.64 0 0 
-1 -1 1 -1 1 0 -1 -1 -1 -0.64 -0.64 -100 -0.64 -100 -100 0 0 0 
0 1 1 -1 1 0 -1 -1 -1 -100 -100 -100 -0.8 -100 -100 0 0 0 
-1 -1 -1 -1 1 -1 0 1 -1 -0.8 -0.64 0 0 -100 0 -100 -100 0 
-1 -1 -1 -1 1 -1 1 0 -1 -0.288 -0.64 -0.64 0 -100 0 -100 -100 0 
0 -1 -1 -1 1 -1 1 0 -1 -100 -0.64 53483 0 -100 0 -100 -100 0 
0 1 -1 -1 1 -1 1 0 -1 -100 -100 0.64 0 -100 0 -100 -100 0 
0 1 0 -1 1 -1 1 0 -1 -100 -100 -100 -0.8 -100 0 -100 -100 0 
0 1 0 1 1 -1 1 0 -1 -100 -100 -100 -100 -100 1.8 -100 -100 0 
-1 -1 -1 -1 -1 -1 -1 1 -1 0 0 0 0 0 0 0 -371 0 
-1 -1 -1 1 -1 -1 -1 -1 -1 0 0 0 -406 0 0 0 0 0 
1 -1 -1 -1 -1 -1 -1 -1 -1 -441 0 0 0 0 0 0 0 0 
-1 -1 -1 -1 -1 1 -1 -1 -1 0 0 0 0 0 -438 0 0 0 
-1 -1 -1 -1 -1 -1 -1 -1 1 0 0 0 0 0 0 0 0 -535 
-1 1 -1 -1 -1 -1 -1 -1 -1 0 -371 0 0 0 0 0 0 0 
-1 -1 -1 -1 -1 -1 1 -1 -1 0 0 0 0 0 0 -437 0 0 
0 1 -1 0 1 -1 1 -1 0 -100 -100 5306 -100 -100 0 -100 0 -100 
-1 -1 0 -1 1 1 1 0 0 1.6 0 -100 0 -100 -100 -100 -100 -100 
1 0 0 -1 1 1 1 0 0 -100 -100 -100 2 -100 -100 -100 -100 -100 
-1 1 1 -1 1 0 -1 0 0 1 -100 -100 0 -100 -100 0 -100 -100 
1 0 1 0 1 -1 -1 -1 0 -100 -100 -100 -100 -100 4292.8 0 0 -100 
1 0 -1 -1 1 0 -1 -1 -1 -100 -100 -0.16 14036.3 -100 -100 0 0 0 
-1 -1 1 -1 1 0 -1 0 -1 16165.4 0 -100 0 -100 -100 0 -100 0 
-1 -1 -1 -1 1 -1 1 -1 0 -0.384 -0.64 -0.512 0 -100 0 -100 0 -100 
0 1 -1 -1 1 -1 1 -1 0 -100 -100 -0.48 0 -100 0 -100 0 -100 
0 1 0 1 1 -1 1 -1 0 -100 -100 -100 -100 -100 1 -100 0 -100 
0 1 0 -1 1 1 1 -1 0 -100 -100 -100 -1.6 -100 -100 -100 -0.8 -100 
-1 0 -1 -1 1 -1 1 0 -1 22044 -100 0 0 -100 0 -100 -100 0 
1 0 -1 -1 1 -1 1 0 -1 -100 -100 -0.8 0 -100 0 -100 -100 0 
1 0 0 -1 1 -1 1 0 -1 -100 -100 -100 21022 -100 0 -100 -100 0 
-1 0 -1 -1 1 -1 1 -1 0 44059.2 -100 0 0 -100 -0.8 -100 -0.8 -100 
1 0 -1 -1 1 -1 1 -1 0 -100 -100 -0.8 0 -100 0 -100 0 -100 
1 0 1 0 1 1 0 -1 -1 -100 -100 -100 -100 -100 -100 -100 -0.8 0 
1 -1 0 0 1 -1 -1 -1 -1 -100 921.6 -100 -100 -100 0 0 0 0 
1 1 0 0 1 -1 -1 -1 -1 -100 -100 -100 -100 -100 -0.64 0 0 0 
1 1 0 0 1 0 1 -1 -1 -100 -100 -100 -100 -100 -100 -100 -0.8 1 
-1 0 1 -1 1 0 -1 -1 -1 21927.7 -100 -100 0 -100 -100 0 0 0 
1 0 1 -1 1 0 -1 -1 -1 -100 -100 -100 -0.8 -100 -100 -0.64 0 0 
1 0 0 -1 1 1 -1 -1 -1 -100 -100 -100 -0.64 -100 -100 0 0 0 
1 0 0 0 1 1 1 -1 -1 -100 -100 -100 -100 -100 -100 -100 -0.8 0 
-1 0 -1 1 1 -1 0 1 -1 -0.8 -100 0 -100 -100 0 -100 -100 0 
-1 -1 0 -1 1 -1 1 0 -1 60632 0 -100 0 -100 0 -100 -100 0 
1 -1 0 -1 1 -1 1 0 -1 -100 -0.8 -100 0 -100 0 -100 -100 0 
-1 -1 0 -1 1 1 1 -1 0 -0.64 0 -100 0 -100 -100 -100 0 -100 
1 0 1 1 1 0 0 -1 -1 -100 -100 -100 -100 -100 -100 -100 -0.8 0 
1 -1 -1 0 1 0 -1 -1 -1 -100 -0.8 9884.8 -100 -100 -100 0 0 0 
1 1 -1 0 1 0 -1 -1 -1 -100 -100 0.8 -100 -100 -100 0 0 0 
1 -1 1 0 1 0 -1 -1 -1 -100 -0.8 -100 -100 -100 -100 -0.8 0 0 
1 1 -1 0 1 -1 0 -1 -1 -100 -100 -0.8 -100 -100 0 -100 0 0 
1 -1 1 0 1 0 0 -1 -1 -100 18654 -100 -100 -100 -100 -100 0 0 
1 -1 0 0 1 1 -1 -1 -1 -100 0 -100 -100 -100 -100 0 0 0 
1 0 0 0 1 1 1 -1 0 -100 -100 -100 -100 -100 -100 -100 0 -101 
0 1 -1 1 1 0 0 -1 -1 -100 -101 4438.4 -100 -100 -100 -100 0 0 
0 0 -1 -1 -1 1 1 -1 -1 -100 -100 -0.8 0 0 -100 -100 0 0 
0 0 1 -1 0 1 1 -1 -1 -100 -100 -100 -1 -100 -100 -100 0 0 
-1 1 1 -1 1 0 0 -1 0 1 -100 -100 0 -100 -100 -100 0 -100 
-1 -1 -1 -1 1 -1 0 0 1 1 0 0 0 -100 0 -100 -100 -100 
1 -1 0 -1 1 -1 1 0 0 -100 -2 -100 60588 -100 0 -100 -100 -100 
-1 -1 -1 0 1 -1 1 0 -1 9209.76 0 0 -100 -100 0 -100 -100 0 
1 0 -1 0 1 -1 1 0 -1 -100 -100 6581 -100 -100 0 -100 -100 0 
-1 -1 -1 -1 -1 0 -1 -1 1 -0.8 0 0 0 0 -100 0 0 -100 
1 -1 -1 -1 0 0 -1 -1 1 -100 -1 0 0 -100 -100 0 0 -100 
-1 1 0 0 1 1 0 -1 -1 -0.8 -100 -100 -100 -100 -100 -100 0 0 
1 -1 -1 0 1 -1 1 0 0 -100 4932.8 0 -100 -100 0 -100 -100 -100 
1 1 0 0 1 -1 1 0 0 -100 -100 -100 -100 -100 0 -100 -100 -100 
0 -1 0 0 1 1 1 -1 -1 -100 0 -100 -100 -100 -100 -100 0 0 
1 0 -1 0 1 -1 1 -1 0 -100 -100 41012 -100 -100 0 -100 0 -100 
1 -1 1 -1 1 0 -1 0 0 -100 13986 -100 0 -100 -100 0 -100 -100 
-1 -1 -1 -1 1 -1 0 1 0 0 52825 0 0 -100 0 -100 -100 -100 
1 1 -1 -1 0 -1 -1 -1 0 -100 -100 1 0 -100 0 0 0 -100 
0 0 1 1 1 -1 -1 -1 0 -100 -100 -100 -100 -100 365 0 0 -100 
0 -1 -1 1 1 -1 0 -1 -1 -100 -1.6 -0.8 -100 -100 53435 -100 0 0 
0 1 -1 1 1 -1 0 0 -1 -100 -100 -1 -100 -100 13593 -100 -100 0 
0 -1 1 1 1 -1 0 0 -1 -100 -1 -100 -100 -100 0 -100 -100 0 
0 0 -1 1 1 -1 0 -1 1 -100 -100 0 -100 -100 0 -100 0 -100 
0 0 1 1 1 0 0 -1 1 -100 -100 -100 -100 -100 -100 -100 0 -100 
1 -1 -1 1 -1 0 -1 0 -1 -100 -0.8 0 -100 0 -100 0 -100 0 
1 1 0 1 -1 0 -1 0 -1 -100 -100 -100 -100 -1 -100 0 -100 0 
1 0 1 -1 1 0 -1 0 -1 -100 -100 -100 17948 -100 -100 0 -100 0 
-1 0 0 1 1 -1 -1 -1 -1 0.8 -100 -100 -100 -100 0 0 0 0 
-1 -1 -1 1 -1 -1 1 0 0 1 0 0 -100 0 0 -100 -100 -100 
-1 -1 0 -1 1 1 -1 0 -1 -0.8 22193 -100 0 -100 -100 0 -100 0 
1 -1 0 -1 1 1 0 0 -1 -100 -1 -100 19972 -100 -100 -100 -100 0 
-1 -1 0 -1 1 1 0 -1 -1 52101.4 0 -100 0 -100 -100 -100 0 0 
-1 1 0 -1 0 -1 1 -1 -1 -0.8 -100 -100 0 -100 0 -100 0 0 
-1 -1 0 -1 1 -1 0 1 -1 38013.9 0 -100 0 -100 0 -100 -100 0 
1 0 0 -1 1 -1 0 1 -1 -100 -100 -100 8782.4 -100 0 -100 -100 0 
1 -1 1 -1 1 0 0 -1 -1 -100 1 -100 0 -100 -100 -100 0 0 
1 -1 0 -1 1 0 1 0 -1 -100 -1 -100 42087 -100 -100 -100 -100 0 
-1 -1 -1 -1 1 0 0 1 -1 15990.6 0 0 0 -100 -100 -100 -100 0 
1 -1 0 -1 1 0 0 1 -1 -100 6938 -100 0 -100 -100 -100 -100 0 
1 1 -1 0 1 0 -1 -1 0 -100 -100 13008 -100 -100 -100 0 0 -100 
-1 -1 -1 0 1 -1 1 -1 0 -0.8 -0.8 62207 -100 -100 0 -101 0 -100 
1 -1 0 0 1 1 1 0 0 -100 0 -100 -100 -100 -100 -100 -100 -100 
1 -1 -1 -1 1 0 1 0 0 -100 -0.4 46126 0 -100 -100 -100 -100 -100 
1 1 -1 0 1 0 1 0 0 -100 -100 7946 -100 -100 -100 -100 -100 -100 
-1 -1 -1 -1 1 0 1 0 -1 27783.7 0 0 0 -100 -100 -100 -100 0 
1 -1 -1 0 1 0 1 0 -1 -100 570.4 0 -100 -100 -100 -100 -100 0 
1 -1 1 0 1 0 -1 0 -1 -100 21563 -100 -100 -100 -100 0 -100 0 
1 0 -1 -1 1 0 1 -1 0 -100 -100 20596 0 -100 -100 -100 0 -100 
0 0 -1 -1 1 1 1 -1 0 -100 -100 0 0 -100 -101 -100 0 -100 
0 1 -1 1 1 -1 0 -1 0 -100 -100 -0.8 -100 -100 20006 -100 0 -100 
-1 0 0 0 1 1 1 -1 -1 0 -100 -100 -100 -100 -100 -100 0 0 
1 0 0 -1 1 1 0 -1 -1 -100 -100 -100 34121 -100 -100 -100 0 0 
1 1 -1 0 1 0 -1 0 -1 -100 -100 363 -100 -100 -100 0 -100 0 
-1 -1 -1 0 -1 -1 1 -1 -1 0 0 0 -100 0 0 -471 0 0 
0 1 -1 1 1 -1 -1 0 0 -100 -100 -0.2 -100 -100 6726 0 -100 -100 
1 -1 1 0 1 0 -1 -1 0 -100 7101 -100 -100 -100 -100 0 0 -100 
1 0 -1 1 1 0 0 1 0 -100 -100 0 -100 -100 -100 -100 -100 -100 
-1 0 -1 -1 -1 -1 -1 1 -1 0 -100 0 0 0 0 0 -472 0 
-1 -1 0 -1 1 1 -1 -1 0 27469.6 0 -100 0 -100 -100 0 0 -100 
-1 1 -1 0 -1 -1 -1 -1 -1 0 -470 0 -100 0 0 0 0 0 
1 0 -1 -1 1 0 1 0 -1 -100 -100 7317 0 -100 -100 -100 -100 0 
0 1 0 -1 1 1 -1 0 -1 -100 -100 -100 14089 -100 -100 0 -100 0 
1 -1 -1 0 1 0 1 -1 0 -100 -1 0 -100 -100 -100 -100 0 -100 
-1 1 -1 0 1 0 1 -1 0 -1 -100 0 -100 -100 -100 -100 0 -100 
1 -1 -1 0 1 -1 0 1 0 -100 360 0 -100 -100 0 -100 -100 -100 
1 0 -1 -1 1 -1 -1 0 -1 -100 -100 24750.4 0 -100 0 0 -100 0 
-1 -1 0 0 1 1 1 -1 0 0 0 -100 -100 -100 -100 -100 0 -100 
1 1 -1 0 1 0 0 -1 -1 -100 -100 6876 -100 -100 -100 -100 0 0 
1 0 -1 -1 1 0 0 1 -1 -100 -100 19.2 0 -100 -100 -100 -100 0 
1 0 1 -1 1 0 0 1 0 -100 -100 -100 0 -100 -100 -100 -100 -100 
1 -1 -1 0 1 0 0 1 -1 -100 19486 0 -100 -100 -100 -100 -100 0 
0 0 1 1 1 -1 -1 0 -1 -100 -100 -100 -100 -100 20748 0 -100 0 
1 -1 1 -1 0 -1 -1 -1 0 -100 1 -100 0 -100 0 0 0 -100 
1 0 1 -1 1 -1 0 0 -1 -100 -100 -101 -0.6 -100 -1 -100 -100 15092 
-1 1 0 -1 1 1 0 0 -1 -1 -100 -100 6822 -100 -100 -100 -100 0 
0 1 -1 -1 1 -1 -1 0 -1 -100 -101 0 0 -100 0 0 -100 0 
0 1 -1 -1 1 0 1 -1 0 -100 -100 12932 0 -100 -100 -100 0 -100 
0 1 0 1 1 -1 -1 -1 0 -100 -100 -100 -100 -100 13657 0 0 -100 
0 -1 -1 1 1 -1 -1 0 -1 -100 16025.3 0 -100 -100 0 0 -100 0 
-1 0 -1 -1 1 0 1 1 0 0 -100 0 0 -100 -100 -100 -101 -100 
-1 -1 0 -1 -1 -1 -1 -1 1 0.64 0 -100 0 0 0 0 0 -100 
1 -1 0 0 -1 -1 -1 -1 1 -100 0.8 -100 -100 0 0 0 0 -100 
1 1 0 0 -1 0 -1 -1 1 -100 -100 -100 -100 1 -100 0 0 -100 
0 -1 -1 1 1 0 1 -1 0 -100 0 0 -100 -100 -100 -101 0 -100 
-1 -1 0 -1 -1 0 1 1 -1 -0.8 0 -100 0 0 -100 -100 -100 0 
1 -1 0 0 -1 0 1 1 -1 -100 -1 -100 -100 0 -100 -100 -100 0 
1 0 0 -1 1 1 -1 -1 0 -100 -100 -100 1 -100 -100 0 0 -100 
1 0 0 -1 1 1 -1 0 -1 -100 -100 -100 6637 -100 -100 0 -100 0 
1 0 -1 -1 1 -1 0 -1 -1 -100 -100 10464.8 0 -100 0 -100 0 0 
1 0 -1 1 1 0 0 -1 -1 -100 -100 0 -100 -100 -100 -100 0 0 
0 0 -1 -1 1 -1 1 1 0 -100 -100 0 0 -100 0 -100 -101 -100 
1 -1 0 -1 1 -1 0 1 0 -100 12546 -100 0 -100 0 -100 -100 -100 
1 0 0 1 1 -1 -1 -1 0 -100 -100 -100 -100 -100 14134 0 0 -100 
-1 1 0 -1 1 1 -1 0 0 -1 -100 -100 6833 -100 -100 -0.8 -100 -100 
-1 0 0 -1 1 1 1 -1 0 -0.8 -100 -100 0 -100 -100 -100 0 -100 
0 1 1 -1 1 0 -1 -1 0 -100 -100 -100 4108 -100 -100 0 0 -100 
1 0 1 0 1 -1 -1 0 -1 -100 -100 -100 -100 -100 8559.2 0 -100 0 
1 -1 -1 -1 1 0 0 1 0 -100 1 0 0 -100 -100 -100 -100 -100 
1 -1 0 -1 1 1 -1 0 0 -100 -1 -100 20864 -100 -100 0 -100 -100 
-1 0 1 -1 1 -1 0 -1 -1 0 -100 -100 0 -100 0 -100 0 0 
-1 -1 1 1 0 -1 0 -1 -1 0.8 0 -100 -100 -100 0 -100 0 0 
1 0 -1 1 1 0 -1 0 -1 -100 -100 4470.4 -100 -100 -100 0 -100 0 
1 0 0 1 1 -1 -1 0 -1 -100 -100 -100 -100 -100 1 0 -100 0 
1 1 -1 0 1 -1 -1 0 0 -100 -100 1 -100 -100 0 0 -100 -100 
1 0 1 0 1 1 -1 0 0 -100 -100 -100 -100 -100 -100 10669 -100 -100 
-1 0 -1 1 1 -1 0 1 0 4232 -100 0 -100 -100 0 -100 -100 -100 
1 0 -1 1 1 0 -1 -1 0 -100 -100 0 -100 -100 -100 0 0 -100 
1 -1 -1 0 1 1 0 -1 0 -100 0 0 -100 -100 -101 -100 0 -100 
-1 1 0 1 -1 -1 -1 -1 0 -1 -100 -100 -100 0 0 0 0 -100 
-1 -1 -1 -1 1 0 -1 0 1 0 0 0 0 -100 -100 0 -100 -101 
-1 -1 0 1 1 -1 1 0 0 0 0 -100 -101 -100 0 -100 -100 -100 
